11829	89
10293	59
13731	94
13935	36
8864	68
6473	74
6009	60
7192	50
7196	32
7195	3
10767	87
11836	92
31260	62
204037	58
11831	24
6849	84
6910	95
8741	76
6913	97
14211	80
6022	48
37055	51
10195	39
6018	83
5918	53
6851	65
31277	100
7035	63
37980	15
7012	93
5968	26
5969	61
39162	34
5961	78
5962	45
5965	75
10597	41
15528	54
14442	6
7020	46
11898	28
11899	47
11893	25
12450	4
8946	35
7157	66
236309	19
5976	29
6937	88
26902	20
9245	79
9244	71
19610	52
19362	99
7014	37
6921	30
5945	73
7159	44
7158	33
8949	55
7156	82
7155	2
37002	72
164496	5
39885	38
5898	7
6402	16
7160	96
7166	14
7167	70
7165	13
8585	64
6891	81
14247	57
21257	18
9180	23
6943	67
7179	49
9222	98
31825	77
37570	11
9428	22
10763	17
10765	1
10833	8
9423	56
9424	42
8928	31
10264	9
10265	43
37876	10
14168	21
24173	69
37374	27
6465	12
6039	40
7182	85
7183	91
7184	90
7185	86
